%YAML:1.0
---
calibration_time: "Sat Sep  2 15:59:45 2023"
image_width: 640
image_height: 480
flags: 0
camera_matrix: !!opencv-matrix
   rows: 3
   cols: 3
   dt: d
   data: [ 7.0625159437520233e+02, 0., 2.9289569063144876e+02, 0.,
       7.0475810660183265e+02, 2.4108699400441731e+02, 0., 0., 1. ]
distortion_coefficients: !!opencv-matrix
   rows: 1
   cols: 5
   dt: d
   data: [ 1.8114227526273813e-01, -1.1488065768305793e+00,
       -6.2610936957769345e-04, 4.3895490612969063e-06,
       2.0961589569208883e+00 ]
avg_reprojection_error: 1.2657710925879576e-01
