%YAML:1.0
---
calibration_time: "Sat Sep  2 20:18:22 2023"
image_width: 640
image_height: 480
flags: 0
camera_matrix: !!opencv-matrix
   rows: 3
   cols: 3
   dt: d
   data: [ 7.1520297189256905e+02, 0., 2.9306034781647628e+02, 0.,
       7.1406031159166889e+02, 2.4325726433405870e+02, 0., 0., 1. ]
distortion_coefficients: !!opencv-matrix
   rows: 1
   cols: 5
   dt: d
   data: [ 2.2156498030199201e-01, -1.4858269275429179e+00,
       -3.8180451191573514e-04, 6.1771504528924481e-04,
       2.9274482441421341e+00 ]
avg_reprojection_error: 1.5295530308688157e-01
