%YAML:1.0
---
calibration_time: "Sun Oct 22 18:58:58 2023"
image_width: 1920
image_height: 1200
flags: 0
camera_matrix: !!opencv-matrix
   rows: 3
   cols: 3
   dt: d
   data: [ 1.0260243125563240e+03, 0., 9.4472287923521515e+02, 0.,
       1.0290101257971985e+03, 6.0395605441746591e+02, 0., 0., 1. ]
distortion_coefficients: !!opencv-matrix
   rows: 1
   cols: 5
   dt: d
   data: [ -3.4005343732155119e-01, 1.3897886412463764e-01,
       1.1644521223940518e-03, 2.5176099740028377e-03,
       -3.0219665153450027e-02 ]
avg_reprojection_error: 3.8082348864379906e-01
